# The following is a list of latency values in ms using KvmRbdFio.
# Op Size: 4194304
# Concurrent Ops: 4
# Mode: randwrite
505.000000
517.000000
510.000000
786.000000
569.000000
918.000000
706.000000
741.000000
696.000000
719.000000
699.000000
695.000000
717.000000
702.000000
565.000000
699.000000
929.000000
591.000000
993.000000
1004.000000
1063.000000
917.000000
1155.000000
1216.000000
1049.000000
1338.000000
1368.000000
1245.000000
1222.000000
1064.000000
1240.000000
1237.000000
1201.000000
1227.000000
1220.000000
1224.000000
1216.000000
1213.000000
1013.000000
1238.000000
1259.000000
1025.000000
1239.000000
1020.000000
1432.000000
1051.000000
1170.000000
1232.000000
1202.000000
1232.000000
1248.000000
1219.000000
1224.000000
1031.000000
1223.000000
1239.000000
1064.000000
1247.000000
1250.000000
1208.000000
1012.000000
1223.000000
1247.000000
1240.000000
1221.000000
1237.000000
1232.000000
1245.000000
1257.000000
1023.000000
1168.000000
1195.000000
1211.000000
1205.000000
1222.000000
1176.000000
1019.000000
1208.000000
1054.000000
1019.000000
1247.000000
1219.000000
1222.000000
1241.000000
1219.000000
1214.000000
1024.000000
1226.000000
1028.000000
1236.000000
1228.000000
1063.000000
1020.000000
1250.000000
1237.000000
1221.000000
1033.000000
1202.000000
1228.000000
1234.000000
1229.000000
1453.000000
1231.000000
1246.000000
1239.000000
1022.000000
1232.000000
1263.000000
1234.000000
1021.000000
1167.000000
1228.000000
1236.000000
1225.000000
1234.000000
1222.000000
1220.000000
1233.000000
1230.000000
1230.000000
1241.000000
1243.000000
1221.000000
1171.000000
1222.000000
1210.000000
1230.000000
1220.000000
1208.000000
1246.000000
1022.000000
1264.000000
1225.000000
1239.000000
1238.000000
1214.000000
1201.000000
1220.000000
1225.000000
1230.000000
1203.000000
1217.000000
1025.000000
1217.000000
1058.000000
1239.000000
1239.000000
1015.000000
1209.000000
1175.000000
1248.000000
1228.000000
1224.000000
1229.000000
1231.000000
1250.000000
1225.000000
1223.000000
1017.000000
1228.000000
1213.000000
1228.000000
1227.000000
1229.000000
1194.000000
1243.000000
1030.000000
1232.000000
1219.000000
1225.000000
1241.000000
1236.000000
1224.000000
1250.000000
1199.000000
1255.000000
1029.000000
1222.000000
1026.000000
1218.000000
1201.000000
1193.000000
1065.000000
1031.000000
1419.000000
1238.000000
1219.000000
1226.000000
1155.000000
1237.000000
1216.000000
1220.000000
1228.000000
1454.000000
1299.000000
873.000000
1479.000000
1202.000000
1222.000000
1242.000000
1240.000000
1208.000000
1236.000000
1024.000000
1229.000000
1234.000000
1241.000000
1238.000000
1233.000000
1270.000000
1233.000000
1064.000000
1230.000000
1219.000000
1020.000000
1227.000000
1226.000000
1225.000000
1210.000000
1230.000000
1233.000000
1225.000000
1021.000000
1074.000000
1182.000000
1235.000000
1249.000000
1211.000000
1216.000000
1243.000000
1024.000000
1199.000000
1265.000000
1235.000000
1236.000000
1230.000000
1086.000000
1187.000000
1201.000000
1208.000000
1227.000000
1226.000000
1028.000000
1213.000000
1245.000000
1020.000000
1224.000000
1024.000000
1206.000000
1187.000000
1106.000000
1205.000000
1229.000000
1230.000000
1229.000000
1063.000000
1022.000000
1172.000000
1226.000000
1019.000000
1230.000000
1208.000000
1042.000000
1239.000000
1232.000000
1232.000000
1235.000000
1023.000000
1212.000000
1236.000000
1111.000000
1199.000000
1051.000000
983.000000
1257.000000
1039.000000
1218.000000
1245.000000
1250.000000
1206.000000
1212.000000
1201.000000
1248.000000
1229.000000
1473.000000
1215.000000
1225.000000
1434.000000
1069.000000
1209.000000
1183.000000
1020.000000
1245.000000
1231.000000
1246.000000
1217.000000
1230.000000
1210.000000
1227.000000
1232.000000
1243.000000
1285.000000
1073.000000
1231.000000
1215.000000
1220.000000
1233.000000
1233.000000
1222.000000
1244.000000
1220.000000
1233.000000
1046.000000
1232.000000
1222.000000
1243.000000
1234.000000
1237.000000
1020.000000
1216.000000
1238.000000
1026.000000
1032.000000
1213.000000
1245.000000
1177.000000
1017.000000
1228.000000
1221.000000
1072.000000
1235.000000
1219.000000
1219.000000
1231.000000
1023.000000
1017.000000
1015.000000
1219.000000
1228.000000
1237.000000
1246.000000
1067.000000
1241.000000
1234.000000
1229.000000
1377.000000
1225.000000
1235.000000
1230.000000
1023.000000
1432.000000
1022.000000
1026.000000
1231.000000
1231.000000
1228.000000
1223.000000
1237.000000
1232.000000
1212.000000
1246.000000
1074.000000
1162.000000
1242.000000
1248.000000
1259.000000
1230.000000
1216.000000
1245.000000
1239.000000
1225.000000
1022.000000
1207.000000
1230.000000
1212.000000
1248.000000
1224.000000
1212.000000
1208.000000
1212.000000
1228.000000
1277.000000
1221.000000
1258.000000
1259.000000
1209.000000
1184.000000
1236.000000
1199.000000
1057.000000
1245.000000
1458.000000
1241.000000
1042.000000
1204.000000
1231.000000
1223.000000
1163.000000
1226.000000
1213.000000
1212.000000
1215.000000
1019.000000
1061.000000
1238.000000
1273.000000
1231.000000
1225.000000
1021.000000
1239.000000
1267.000000
1225.000000
1229.000000
1231.000000
1229.000000
1022.000000
1233.000000
1228.000000
1236.000000
1202.000000
1020.000000
1244.000000
1245.000000
1442.000000
1226.000000
1206.000000
1021.000000
1214.000000
1231.000000
1227.000000
1347.000000
1077.000000
1229.000000
1240.000000
1232.000000
1230.000000
1048.000000
1221.000000
1032.000000
1230.000000
1243.000000
1230.000000
1230.000000
1245.000000
1058.000000
1258.000000
1225.000000
1231.000000
1220.000000
1218.000000
1227.000000
1229.000000
1246.000000
1241.000000
1241.000000
1239.000000
1054.000000
1233.000000
1222.000000
1216.000000
1059.000000
1002.000000
1236.000000
1223.000000
1210.000000
1234.000000
1023.000000
1152.000000
1231.000000
1214.000000
1021.000000
1214.000000
1232.000000
852.000000
1219.000000
1024.000000
1012.000000
1235.000000
1228.000000
1212.000000
1226.000000
1213.000000
1217.000000
1223.000000
1225.000000
1221.000000
1263.000000
1022.000000
1237.000000
1231.000000
1234.000000
1252.000000
1187.000000
1211.000000
1234.000000
1406.000000
1219.000000
1023.000000
1239.000000
1222.000000
1259.000000
1017.000000
1223.000000
1154.000000
1232.000000
1218.000000
1022.000000
1222.000000
1253.000000
1225.000000
1026.000000
1221.000000
1220.000000
1022.000000
1232.000000
1238.000000
1071.000000
1220.000000
1020.000000
1228.000000
1234.000000
1225.000000
1242.000000
1239.000000
1204.000000
1211.000000
1213.000000
1232.000000
1083.000000
1205.000000
1215.000000
1202.000000
1244.000000
1258.000000
1231.000000
1224.000000
1224.000000
1268.000000
1228.000000
1172.000000
1224.000000
1234.000000
1272.000000
1225.000000
1231.000000
1210.000000
1226.000000
1228.000000
1237.000000
1224.000000
1232.000000
1237.000000
1071.000000
1250.000000
1228.000000
1224.000000
1224.000000
1218.000000
1233.000000
1025.000000
1239.000000
1235.000000
1241.000000
1193.000000
1057.000000
1206.000000
1225.000000
1205.000000
1242.000000
1233.000000
1235.000000
1234.000000
1230.000000
1226.000000
1015.000000
1035.000000
1172.000000
1231.000000
1234.000000
1241.000000
1188.000000
1020.000000
1248.000000
1243.000000
1234.000000
1228.000000
1225.000000
1047.000000
1236.000000
1228.000000
1248.000000
1219.000000
1232.000000
1226.000000
1224.000000
1002.000000
1202.000000
1216.000000
1215.000000
1237.000000
1266.000000
1053.000000
1215.000000
1222.000000
1228.000000
1216.000000
1213.000000
1029.000000
1238.000000
1158.000000
1237.000000
1221.000000
1206.000000
1227.000000
1200.000000
1072.000000
1261.000000
1228.000000
1233.000000
1238.000000
1237.000000
1030.000000
1244.000000
1245.000000
1242.000000
1067.000000
1189.000000
1008.000000
1230.000000
1230.000000
1237.000000
1020.000000
1223.000000
1232.000000
1262.000000
1227.000000
1236.000000
1251.000000
1217.000000
1238.000000
1245.000000
1162.000000
857.000000
1228.000000
1228.000000
1215.000000
1228.000000
1229.000000
1212.000000
1243.000000
1221.000000
1235.000000
1243.000000
1214.000000
1057.000000
1018.000000
1196.000000
1234.000000
1026.000000
1224.000000
1242.000000
864.000000
1219.000000
1225.000000
1018.000000
1221.000000
1025.000000
1222.000000
1217.000000
1239.000000
1231.000000
1228.000000
1246.000000
965.000000
1218.000000
1220.000000
1243.000000
1222.000000
1075.000000
1242.000000
1213.000000
1027.000000
1240.000000
1220.000000
1021.000000
1226.000000
1202.000000
854.000000
1244.000000
1258.000000
1181.000000
1253.000000
1253.000000
1018.000000
1015.000000
1220.000000
1020.000000
1215.000000
1023.000000
1175.000000
1208.000000
1024.000000
1076.000000
1222.000000
1215.000000
1026.000000
1236.000000
1021.000000
1016.000000
1167.000000
1240.000000
1228.000000
1187.000000
1222.000000
1051.000000
1222.000000
1233.000000
1232.000000
1065.000000
1241.000000
1249.000000
1217.000000
1239.000000
1231.000000
1230.000000
1241.000000
1234.000000
1235.000000
1021.000000
1177.000000
1234.000000
1073.000000
1233.000000
1237.000000
1255.000000
1231.000000
1242.000000
1223.000000
1249.000000
1179.000000
1240.000000
1240.000000
1244.000000
1228.000000
1072.000000
984.000000
1019.000000
1031.000000
1191.000000
1243.000000
1251.000000
1028.000000
1016.000000
1235.000000
1230.000000
1230.000000
1230.000000
1066.000000
1190.000000
1018.000000
1014.000000
1242.000000
1230.000000
1239.000000
1235.000000
1249.000000
1222.000000
1223.000000
1234.000000
1072.000000
1023.000000
1230.000000
1020.000000
1218.000000
1237.000000
1178.000000
1230.000000
1226.000000
1447.000000
1275.000000
1232.000000
1026.000000
1485.000000
1127.000000
1319.000000
1164.000000
1419.000000
1249.000000
1239.000000
1238.000000
1206.000000
1275.000000
1220.000000
1220.000000
1231.000000
1222.000000
1213.000000
1063.000000
1249.000000
1227.000000
1228.000000
1222.000000
1236.000000
1241.000000
1239.000000
1238.000000
1229.000000
1405.000000
1027.000000
1417.000000
1233.000000
1345.000000
1241.000000
1242.000000
1232.000000
1244.000000
1213.000000
1038.000000
1191.000000
1248.000000
1231.000000
1025.000000
1074.000000
1022.000000
1016.000000
1039.000000
1224.000000
1017.000000
1213.000000
1023.000000
1187.000000
1235.000000
1229.000000
1221.000000
1027.000000
1238.000000
1224.000000
1020.000000
1226.000000
1165.000000
1230.000000
1026.000000
1208.000000
1243.000000
1066.000000
1242.000000
1266.000000
1217.000000
1233.000000
1245.000000
1230.000000
1244.000000
1221.000000
1250.000000
1229.000000
1246.000000
1221.000000
1266.000000
1236.000000
1210.000000
1237.000000
1049.000000
1230.000000
1229.000000
1226.000000
1221.000000
1230.000000
1022.000000
1021.000000
1238.000000
864.000000
1226.000000
1236.000000
1241.000000
1217.000000
1029.000000
1023.000000
1021.000000
1221.000000
1173.000000
1234.000000
1206.000000
1247.000000
1032.000000
1224.000000
1219.000000
1232.000000
1070.000000
1229.000000
1233.000000
1241.000000
1231.000000
1219.000000
1210.000000
1236.000000
1260.000000
1029.000000
1235.000000
1239.000000
1238.000000
1243.000000
1235.000000
1218.000000
1021.000000
1238.000000
1190.000000
1080.000000
1237.000000
1231.000000
1215.000000
969.000000
1212.000000
1022.000000
1226.000000
1226.000000
1235.000000
1228.000000
1221.000000
1226.000000
1213.000000
1219.000000
1028.000000
1256.000000
1245.000000
1069.000000
1250.000000
1238.000000
1222.000000
1247.000000
1229.000000
1254.000000
1231.000000
1230.000000
1016.000000
1240.000000
1232.000000
1209.000000
1217.000000
1231.000000
1278.000000
1228.000000
1025.000000
1077.000000
1206.000000
1170.000000
1239.000000
1251.000000
1202.000000
1238.000000
1239.000000
1024.000000
1408.000000
1222.000000
1019.000000
1216.000000
1189.000000
1220.000000
1041.000000
1204.000000
1237.000000
1208.000000
1013.000000
1216.000000
1230.000000
1209.000000
