# The following is a list of latency values in ms using KvmRbdFio.
# Op Size: 4194304
# Concurrent Ops: 4
# Mode: write
504.000000
554.000000
562.000000
547.000000
733.000000
742.000000
600.000000
761.000000
739.000000
982.000000
607.000000
763.000000
735.000000
766.000000
742.000000
964.000000
897.000000
650.000000
1034.000000
686.000000
871.000000
1130.000000
1144.000000
1166.000000
1209.000000
1255.000000
1396.000000
1227.000000
1215.000000
1228.000000
1218.000000
1379.000000
988.000000
1221.000000
1445.000000
1257.000000
1311.000000
1305.000000
1239.000000
1228.000000
1227.000000
1228.000000
1233.000000
1232.000000
1232.000000
1218.000000
1211.000000
1174.000000
1442.000000
1019.000000
1233.000000
1223.000000
1228.000000
1211.000000
1231.000000
1216.000000
1225.000000
1216.000000
1231.000000
1241.000000
1012.000000
1222.000000
1229.000000
1186.000000
1004.000000
1234.000000
1217.000000
1219.000000
1209.000000
1240.000000
1207.000000
1226.000000
1224.000000
1024.000000
1229.000000
1233.000000
1547.000000
1277.000000
1262.000000
1416.000000
1015.000000
1224.000000
1221.000000
1231.000000
1213.000000
1216.000000
1234.000000
1021.000000
1232.000000
1239.000000
1220.000000
1228.000000
1231.000000
1235.000000
1211.000000
1192.000000
1029.000000
1232.000000
1543.000000
1364.000000
1238.000000
1216.000000
1225.000000
1236.000000
1228.000000
1231.000000
1231.000000
1212.000000
1228.000000
1215.000000
1231.000000
982.000000
1030.000000
1225.000000
1234.000000
1231.000000
1233.000000
1228.000000
1228.000000
1232.000000
1224.000000
1225.000000
1223.000000
1211.000000
1209.000000
1185.000000
1017.000000
1186.000000
1024.000000
1235.000000
1233.000000
1212.000000
1232.000000
1223.000000
1206.000000
1215.000000
1226.000000
1023.000000
1204.000000
1236.000000
1221.000000
1231.000000
1230.000000
1187.000000
1022.000000
1021.000000
1232.000000
1239.000000
1229.000000
1245.000000
1221.000000
1232.000000
1231.000000
1255.000000
1191.000000
1231.000000
1206.000000
1209.000000
1224.000000
1187.000000
999.000000
1220.000000
1220.000000
1016.000000
1212.000000
1020.000000
1214.000000
1229.000000
1225.000000
1219.000000
1231.000000
1225.000000
1219.000000
1227.000000
1209.000000
1182.000000
1011.000000
1194.000000
1017.000000
1016.000000
1216.000000
1230.000000
1208.000000
1227.000000
1226.000000
1232.000000
1226.000000
1226.000000
1243.000000
1214.000000
1215.000000
1200.000000
1021.000000
1225.000000
1218.000000
1014.000000
1207.000000
1024.000000
1218.000000
1226.000000
1224.000000
1019.000000
1230.000000
1220.000000
1227.000000
1204.000000
1217.000000
1187.000000
1003.000000
1243.000000
1234.000000
1228.000000
1427.000000
1283.000000
1267.000000
1222.000000
1231.000000
1218.000000
1226.000000
1221.000000
1022.000000
1225.000000
1214.000000
1225.000000
1231.000000
1234.000000
1209.000000
1231.000000
1024.000000
1233.000000
1231.000000
1209.000000
1024.000000
1215.000000
1013.000000
1224.000000
1015.000000
1230.000000
1228.000000
1439.000000
1222.000000
1235.000000
1246.000000
1220.000000
1242.000000
1210.000000
1231.000000
1240.000000
1021.000000
1240.000000
1230.000000
1231.000000
1226.000000
1230.000000
1215.000000
1231.000000
1232.000000
1230.000000
1215.000000
1236.000000
1225.000000
1183.000000
1238.000000
1218.000000
1025.000000
1237.000000
1240.000000
1215.000000
1226.000000
1233.000000
1225.000000
1240.000000
1415.000000
1218.000000
1236.000000
1203.000000
1214.000000
1188.000000
1238.000000
1222.000000
977.000000
1236.000000
1240.000000
1223.000000
1224.000000
1016.000000
1221.000000
1233.000000
1228.000000
1230.000000
1208.000000
1238.000000
1229.000000
1191.000000
1230.000000
1231.000000
1023.000000
1221.000000
1224.000000
1237.000000
1221.000000
1254.000000
1228.000000
1211.000000
1243.000000
1020.000000
1223.000000
1197.000000
1238.000000
1221.000000
1021.000000
1229.000000
1219.000000
1021.000000
1225.000000
1208.000000
1229.000000
1019.000000
1227.000000
1023.000000
1226.000000
1021.000000
1022.000000
1244.000000
1023.000000
1237.000000
809.000000
1230.000000
1217.000000
1236.000000
1223.000000
1232.000000
1235.000000
1230.000000
1401.000000
1218.000000
1223.000000
1192.000000
1217.000000
1232.000000
1027.000000
1220.000000
1025.000000
1227.000000
1236.000000
1228.000000
1233.000000
1231.000000
1199.000000
1222.000000
1228.000000
1443.000000
1218.000000
1192.000000
1228.000000
1025.000000
1219.000000
1235.000000
1006.000000
1232.000000
1214.000000
1233.000000
1230.000000
1229.000000
1216.000000
1234.000000
1216.000000
1277.000000
1232.000000
1204.000000
1220.000000
1225.000000
1220.000000
1225.000000
790.000000
1234.000000
1218.000000
1229.000000
1233.000000
1224.000000
1237.000000
1233.000000
1234.000000
1220.000000
1214.000000
1191.000000
1222.000000
1230.000000
1218.000000
1019.000000
1022.000000
1215.000000
1020.000000
1235.000000
1422.000000
1289.000000
1322.000000
1228.000000
1233.000000
1224.000000
1233.000000
1203.000000
1225.000000
1231.000000
1234.000000
1221.000000
1018.000000
1226.000000
1236.000000
1236.000000
1017.000000
1223.000000
1016.000000
1229.000000
1243.000000
1225.000000
1213.000000
1194.000000
1224.000000
1437.000000
1078.000000
1274.000000
1000.000000
1223.000000
1246.000000
1225.000000
1265.000000
1390.000000
1213.000000
1214.000000
1233.000000
1205.000000
1217.000000
981.000000
1237.000000
1437.000000
1224.000000
1013.000000
1029.000000
1235.000000
1229.000000
1240.000000
1212.000000
1232.000000
1216.000000
1221.000000
1224.000000
1018.000000
1182.000000
988.000000
1238.000000
1241.000000
1243.000000
1231.000000
1026.000000
1229.000000
1241.000000
1227.000000
1206.000000
1224.000000
1204.000000
1214.000000
1201.000000
1017.000000
1186.000000
986.000000
1237.000000
1237.000000
1237.000000
1234.000000
1034.000000
1228.000000
1430.000000
1211.000000
1221.000000
1228.000000
1219.000000
1235.000000
1212.000000
1224.000000
1204.000000
1196.000000
1229.000000
1237.000000
1228.000000
1230.000000
813.000000
1225.000000
1241.000000
1231.000000
1238.000000
1227.000000
1232.000000
1015.000000
1231.000000
1234.000000
1230.000000
1195.000000
1218.000000
1223.000000
1018.000000
1243.000000
1023.000000
1230.000000
1023.000000
1231.000000
1236.000000
1015.000000
1228.000000
1244.000000
1234.000000
1210.000000
1224.000000
986.000000
1187.000000
1228.000000
1247.000000
1234.000000
1012.000000
1226.000000
1036.000000
1223.000000
1228.000000
1235.000000
1209.000000
1244.000000
1213.000000
1016.000000
1226.000000
990.000000
1239.000000
1233.000000
1232.000000
1232.000000
1021.000000
1229.000000
1221.000000
1228.000000
1215.000000
1019.000000
1200.000000
1219.000000
1213.000000
1018.000000
1231.000000
986.000000
1231.000000
1230.000000
1225.000000
1228.000000
1017.000000
1231.000000
1231.000000
1233.000000
1241.000000
1203.000000
1229.000000
1235.000000
1198.000000
1029.000000
1245.000000
1225.000000
1248.000000
1028.000000
1244.000000
1273.000000
1246.000000
1228.000000
1246.000000
1226.000000
1228.000000
1198.000000
1220.000000
1236.000000
1198.000000
1020.000000
1228.000000
1233.000000
1238.000000
1001.000000
1207.000000
1025.000000
1233.000000
1237.000000
1220.000000
1236.000000
1233.000000
1227.000000
1195.000000
1226.000000
1223.000000
1257.000000
1232.000000
1006.000000
1037.000000
1020.000000
1246.000000
1244.000000
1235.000000
1236.000000
1239.000000
1237.000000
1236.000000
1224.000000
1192.000000
1214.000000
1231.000000
1218.000000
1210.000000
995.000000
1015.000000
1208.000000
1215.000000
1225.000000
1220.000000
1017.000000
1227.000000
1217.000000
1222.000000
1225.000000
1198.000000
1225.000000
1020.000000
1236.000000
1218.000000
1015.000000
1024.000000
1236.000000
1237.000000
1219.000000
1240.000000
1232.000000
1015.000000
1183.000000
1253.000000
1018.000000
980.000000
1397.000000
1329.000000
1300.000000
1218.000000
789.000000
1236.000000
1248.000000
1222.000000
1224.000000
1230.000000
1227.000000
1213.000000
1238.000000
1206.000000
1229.000000
1226.000000
1224.000000
1025.000000
1222.000000
1038.000000
1217.000000
1231.000000
1219.000000
1239.000000
1227.000000
1232.000000
1200.000000
1232.000000
1244.000000
1228.000000
1210.000000
1457.000000
1034.000000
1253.000000
1251.000000
1227.000000
1226.000000
1220.000000
1439.000000
1255.000000
1291.000000
1415.000000
1213.000000
1217.000000
1228.000000
1018.000000
1448.000000
1277.000000
1156.000000
1105.000000
1234.000000
1230.000000
1221.000000
1225.000000
1255.000000
1240.000000
1220.000000
1234.000000
1213.000000
1227.000000
1233.000000
1017.000000
1016.000000
1231.000000
1023.000000
1235.000000
1222.000000
1233.000000
1248.000000
1234.000000
1216.000000
1229.000000
1244.000000
1217.000000
1203.000000
1218.000000
1021.000000
1230.000000
1239.000000
1220.000000
1026.000000
1231.000000
1226.000000
1219.000000
1240.000000
1231.000000
1231.000000
1020.000000
1229.000000
1237.000000
1198.000000
1226.000000
1221.000000
1222.000000
1216.000000
1213.000000
1001.000000
1230.000000
1438.000000
1247.000000
1236.000000
1236.000000
1219.000000
1242.000000
1232.000000
1221.000000
1199.000000
1223.000000
1222.000000
1229.000000
1227.000000
1228.000000
1003.000000
1021.000000
1212.000000
1245.000000
1227.000000
1230.000000
1230.000000
1222.000000
1230.000000
1234.000000
1212.000000
1213.000000
1234.000000
1020.000000
1223.000000
1230.000000
1022.000000
1235.000000
1228.000000
1227.000000
1230.000000
1228.000000
1217.000000
1224.000000
1214.000000
1228.000000
1190.000000
1228.000000
1225.000000
1241.000000
1240.000000
1228.000000
1026.000000
1241.000000
1234.000000
1228.000000
1227.000000
1224.000000
1227.000000
1229.000000
1217.000000
1016.000000
1182.000000
1018.000000
1214.000000
1224.000000
1223.000000
1215.000000
1024.000000
1226.000000
1213.000000
1031.000000
1220.000000
1015.000000
1226.000000
1214.000000
1381.000000
1235.000000
1314.000000
1241.000000
1243.000000
1239.000000
1220.000000
1226.000000
1439.000000
1229.000000
1224.000000
1243.000000
1237.000000
1225.000000
1228.000000
1247.000000
1226.000000
1019.000000
1207.000000
1229.000000
1234.000000
1225.000000
1225.000000
1299.000000
1004.000000
1225.000000
1231.000000
1239.000000
1020.000000
1239.000000
1364.000000
1023.000000
1221.000000
1240.000000
1300.000000
1245.000000
1024.000000
1027.000000
1256.000000
1246.000000
1420.000000
1229.000000
1238.000000
1039.000000
1243.000000
1244.000000
1020.000000
1237.000000
1234.000000
1194.000000
1209.000000
1229.000000
1238.000000
1016.000000
1210.000000
1220.000000
1004.000000
1216.000000
1223.000000
1228.000000
1339.000000
1219.000000
1224.000000
1026.000000
1224.000000
1220.000000
1098.000000
1223.000000
1217.000000
1224.000000
1028.000000
1222.000000
1409.000000
1214.000000
1421.000000
1223.000000
1277.000000
1057.000000
1410.000000
1209.000000
1021.000000
1202.000000
1188.000000
1219.000000
1226.000000
1228.000000
1226.000000
1240.000000
1017.000000
1233.000000
1412.000000
1201.000000
1217.000000
1224.000000
1196.000000
1218.000000
1019.000000
1210.000000
1176.000000
1020.000000
1232.000000
1234.000000
1224.000000
1239.000000
1030.000000
1230.000000
1215.000000
1222.000000
1232.000000
1224.000000
1206.000000
1237.000000
1248.000000
1242.000000
1098.000000
1232.000000
1239.000000
1238.000000
