# The following is a list of throughput values in MB/s using KvmRbdFio.
# Op Size: 4194304
# Concurrent Ops: 4
# Mode: read
71859.000000
121362.000000
120944.000000
118381.000000
89574.000000
102400.000000
128754.000000
122726.000000
114459.000000
101039.000000
105860.000000
116806.000000
108606.000000
121814.000000
105860.000000
127254.000000
105233.000000
96289.000000
112000.000000
107385.000000
106587.000000
131878.000000
91022.000000
125547.000000
102597.000000
110065.000000
128754.000000
93622.000000
113104.000000
122161.000000
106297.000000
102240.000000
103394.000000
104000.000000
136533.000000
100467.000000
122634.000000
86980.000000
112733.000000
109226.000000
114413.000000
104407.000000
128250.000000
102203.000000
106852.000000
93267.000000
119809.000000
113777.000000
89219.000000
114459.000000
118082.000000
114200.000000
97523.000000
117927.000000
91806.000000
109019.000000
120000.000000
106071.000000
96565.000000
101424.000000
112439.000000
128754.000000
98107.000000
88172.000000
126273.000000
85657.000000
103595.000000
105650.000000
111347.000000
89530.000000
120234.000000
89205.000000
125547.000000
95085.000000
111077.000000
114841.000000
97856.000000
100848.000000
113328.000000
97193.000000
116363.000000
118839.000000
89932.000000
116584.000000
94160.000000
120707.000000
108936.000000
115924.000000
94523.000000
104612.000000
120944.000000
101424.000000
100467.000000
101618.000000
111781.000000
95255.000000
136801.000000
113777.000000
89752.000000
118839.000000
114231.000000
114626.000000
102007.000000
105441.000000
101314.000000
123419.000000
103797.000000
110916.000000
102951.000000
100467.000000
234287.000000
117028.000000
99902.000000
51979.000000
