# The following is a list of throughput values in MB/s using KvmRbdFio.
# Op Size: 131072
# Concurrent Ops: 4
# Mode: write
59528.000000
63616.000000
57600.000000
45443.000000
51456.000000
52467.000000
51604.000000
51456.000000
52480.000000
49309.000000
49408.000000
55552.000000
60928.000000
42666.000000
59392.000000
58762.000000
57625.000000
53248.000000
50539.000000
51456.000000
50432.000000
50331.000000
51456.000000
50432.000000
50432.000000
50592.000000
62083.000000
55552.000000
60806.000000
57485.000000
56721.000000
62208.000000
61828.000000
59784.000000
58112.000000
51456.000000
50432.000000
46243.000000
51456.000000
50432.000000
50432.000000
54784.000000
55185.000000
56605.000000
58368.000000
59784.000000
57740.000000
55441.000000
60472.000000
59528.000000
62976.000000
62976.000000
63232.000000
54425.000000
62208.000000
61952.000000
55441.000000
61061.000000
58368.000000
63361.000000
62976.000000
62976.000000
61952.000000
60102.000000
55185.000000
58624.000000
60295.000000
51200.000000
59528.000000
56463.000000
55040.000000
57344.000000
56463.000000
56463.000000
61440.000000
60039.000000
58880.000000
61317.000000
53545.000000
55296.000000
52630.000000
53908.000000
62594.000000
59648.000000
59648.000000
57485.000000
58624.000000
58624.000000
60416.000000
59716.000000
56576.000000
59648.000000
58506.000000
59648.000000
57600.000000
57344.000000
59017.000000
59017.000000
55552.000000
56576.000000
60086.000000
58506.000000
60295.000000
54606.000000
55952.000000
59136.000000
60806.000000
54565.000000
54565.000000
55552.000000
59904.000000
58624.000000
56576.000000
59648.000000
60672.000000
59648.000000
59648.000000
60416.000000
59665.000000
