# The following is a list of IOPS values using KvmRbdFio.
# Op Size: 131072
# Concurrent Ops: 4
# Mode: write
465.000000
497.000000
450.000000
355.000000
402.000000
409.000000
403.000000
402.000000
410.000000
385.000000
386.000000
434.000000
476.000000
333.000000
464.000000
459.000000
450.000000
416.000000
394.000000
402.000000
394.000000
393.000000
402.000000
394.000000
394.000000
395.000000
485.000000
434.000000
475.000000
449.000000
443.000000
486.000000
483.000000
468.000000
454.000000
402.000000
394.000000
361.000000
402.000000
394.000000
394.000000
428.000000
431.000000
442.000000
456.000000
467.000000
451.000000
433.000000
472.000000
465.000000
492.000000
492.000000
494.000000
425.000000
486.000000
484.000000
433.000000
477.000000
456.000000
495.000000
492.000000
492.000000
484.000000
469.000000
431.000000
458.000000
471.000000
400.000000
465.000000
441.000000
430.000000
448.000000
441.000000
441.000000
480.000000
469.000000
460.000000
479.000000
418.000000
432.000000
411.000000
421.000000
489.000000
466.000000
466.000000
449.000000
458.000000
458.000000
472.000000
466.000000
442.000000
466.000000
457.000000
466.000000
450.000000
448.000000
461.000000
461.000000
434.000000
442.000000
469.000000
457.000000
471.000000
426.000000
437.000000
462.000000
475.000000
426.000000
426.000000
434.000000
468.000000
458.000000
442.000000
466.000000
474.000000
466.000000
466.000000
472.000000
466.000000
