# The following is a list of latency values in ms using KvmRbdFio.
# Op Size: 4194304
# Concurrent Ops: 4
# Mode: read
3337.000000
2039.000000
2064.000000
1856.000000
1895.000000
1934.000000
1951.000000
1957.000000
1976.000000
2198.000000
1915.000000
2118.000000
2048.000000
1880.000000
1874.000000
1309.000000
653.000000
893.000000
860.000000
869.000000
679.000000
740.000000
995.000000
1213.000000
723.000000
649.000000
1027.000000
827.000000
818.000000
785.000000
817.000000
837.000000
868.000000
820.000000
805.000000
837.000000
1000.000000
831.000000
846.000000
886.000000
837.000000
822.000000
665.000000
883.000000
826.000000
811.000000
840.000000
834.000000
829.000000
836.000000
834.000000
814.000000
822.000000
833.000000
860.000000
1049.000000
629.000000
809.000000
836.000000
838.000000
837.000000
842.000000
837.000000
593.000000
840.000000
829.000000
809.000000
811.000000
836.000000
823.000000
845.000000
851.000000
832.000000
822.000000
835.000000
655.000000
809.000000
809.000000
832.000000
830.000000
831.000000
822.000000
830.000000
833.000000
875.000000
798.000000
850.000000
832.000000
832.000000
832.000000
875.000000
832.000000
833.000000
629.000000
871.000000
836.000000
810.000000
841.000000
820.000000
796.000000
799.000000
835.000000
835.000000
850.000000
861.000000
833.000000
809.000000
651.000000
836.000000
828.000000
832.000000
836.000000
832.000000
807.000000
1044.000000
810.000000
837.000000
846.000000
833.000000
835.000000
799.000000
663.000000
832.000000
832.000000
812.000000
846.000000
809.000000
845.000000
837.000000
817.000000
831.000000
833.000000
807.000000
880.000000
832.000000
1005.000000
650.000000
829.000000
809.000000
848.000000
882.000000
834.000000
836.000000
809.000000
828.000000
839.000000
670.000000
834.000000
817.000000
835.000000
830.000000
831.000000
799.000000
847.000000
832.000000
880.000000
835.000000
842.000000
630.000000
823.000000
834.000000
832.000000
836.000000
835.000000
843.000000
832.000000
840.000000
831.000000
810.000000
842.000000
834.000000
835.000000
1063.000000
836.000000
845.000000
834.000000
833.000000
838.000000
873.000000
835.000000
847.000000
837.000000
817.000000
832.000000
832.000000
821.000000
839.000000
832.000000
876.000000
832.000000
829.000000
825.000000
826.000000
800.000000
831.000000
837.000000
828.000000
877.000000
851.000000
837.000000
835.000000
811.000000
836.000000
837.000000
831.000000
877.000000
874.000000
1054.000000
792.000000
641.000000
795.000000
879.000000
797.000000
832.000000
854.000000
808.000000
828.000000
841.000000
812.000000
810.000000
836.000000
836.000000
812.000000
831.000000
834.000000
834.000000
832.000000
832.000000
659.000000
831.000000
828.000000
836.000000
833.000000
811.000000
849.000000
811.000000
811.000000
833.000000
830.000000
823.000000
835.000000
653.000000
830.000000
834.000000
553.000000
841.000000
810.000000
820.000000
880.000000
811.000000
882.000000
824.000000
838.000000
825.000000
834.000000
654.000000
876.000000
763.000000
847.000000
881.000000
781.000000
830.000000
810.000000
836.000000
1100.000000
832.000000
833.000000
808.000000
837.000000
811.000000
832.000000
821.000000
835.000000
640.000000
876.000000
851.000000
824.000000
837.000000
832.000000
804.000000
809.000000
836.000000
808.000000
860.000000
831.000000
809.000000
839.000000
791.000000
630.000000
812.000000
835.000000
831.000000
811.000000
831.000000
807.000000
852.000000
839.000000
834.000000
833.000000
820.000000
832.000000
806.000000
834.000000
834.000000
835.000000
841.000000
876.000000
852.000000
830.000000
810.000000
822.000000
876.000000
802.000000
670.000000
839.000000
807.000000
877.000000
798.000000
831.000000
834.000000
878.000000
832.000000
804.000000
819.000000
835.000000
834.000000
609.000000
836.000000
809.000000
810.000000
836.000000
821.000000
844.000000
809.000000
825.000000
1035.000000
875.000000
807.000000
654.000000
804.000000
836.000000
832.000000
834.000000
818.000000
832.000000
837.000000
562.000000
880.000000
830.000000
834.000000
801.000000
820.000000
832.000000
830.000000
809.000000
833.000000
812.000000
839.000000
832.000000
831.000000
846.000000
883.000000
797.000000
874.000000
853.000000
878.000000
878.000000
836.000000
833.000000
809.000000
838.000000
833.000000
833.000000
833.000000
834.000000
833.000000
831.000000
820.000000
1074.000000
808.000000
835.000000
857.000000
883.000000
833.000000
832.000000
804.000000
791.000000
808.000000
789.000000
818.000000
628.000000
845.000000
812.000000
811.000000
829.000000
789.000000
807.000000
820.000000
821.000000
834.000000
808.000000
810.000000
811.000000
648.000000
808.000000
817.000000
783.000000
805.000000
807.000000
813.000000
838.000000
833.000000
801.000000
844.000000
809.000000
834.000000
876.000000
831.000000
807.000000
629.000000
834.000000
810.000000
830.000000
832.000000
848.000000
832.000000
875.000000
835.000000
808.000000
874.000000
810.000000
809.000000
831.000000
833.000000
836.000000
831.000000
632.000000
833.000000
838.000000
837.000000
802.000000
833.000000
835.000000
834.000000
839.000000
809.000000
815.000000
826.000000
810.000000
833.000000
808.000000
671.000000
820.000000
832.000000
843.000000
836.000000
831.000000
836.000000
833.000000
809.000000
831.000000
834.000000
839.000000
796.000000
832.000000
822.000000
831.000000
833.000000
654.000000
873.000000
836.000000
831.000000
834.000000
831.000000
831.000000
836.000000
877.000000
863.000000
654.000000
832.000000
821.000000
841.000000
876.000000
834.000000
810.000000
823.000000
835.000000
816.000000
888.000000
833.000000
839.000000
651.000000
831.000000
831.000000
829.000000
809.000000
834.000000
805.000000
842.000000
834.000000
835.000000
812.000000
814.000000
834.000000
632.000000
811.000000
844.000000
829.000000
837.000000
830.000000
818.000000
833.000000
835.000000
831.000000
834.000000
831.000000
850.000000
843.000000
819.000000
837.000000
630.000000
882.000000
832.000000
798.000000
832.000000
835.000000
829.000000
846.000000
836.000000
836.000000
833.000000
840.000000
847.000000
653.000000
835.000000
837.000000
834.000000
829.000000
794.000000
839.000000
823.000000
835.000000
833.000000
833.000000
835.000000
650.000000
835.000000
811.000000
835.000000
836.000000
834.000000
795.000000
810.000000
835.000000
629.000000
835.000000
835.000000
821.000000
831.000000
861.000000
832.000000
835.000000
807.000000
830.000000
550.000000
840.000000
823.000000
648.000000
828.000000
804.000000
833.000000
839.000000
831.000000
846.000000
831.000000
820.000000
627.000000
836.000000
809.000000
809.000000
832.000000
876.000000
836.000000
870.000000
834.000000
807.000000
810.000000
663.000000
842.000000
810.000000
837.000000
833.000000
819.000000
806.000000
835.000000
845.000000
839.000000
830.000000
832.000000
835.000000
836.000000
833.000000
810.000000
657.000000
813.000000
832.000000
834.000000
835.000000
838.000000
833.000000
833.000000
829.000000
834.000000
817.000000
810.000000
830.000000
829.000000
624.000000
832.000000
849.000000
810.000000
836.000000
810.000000
834.000000
882.000000
828.000000
839.000000
835.000000
831.000000
832.000000
654.000000
809.000000
834.000000
878.000000
836.000000
834.000000
879.000000
832.000000
822.000000
808.000000
822.000000
822.000000
819.000000
817.000000
628.000000
847.000000
835.000000
889.000000
878.000000
848.000000
1056.000000
854.000000
832.000000
856.000000
835.000000
808.000000
845.000000
794.000000
657.000000
813.000000
831.000000
833.000000
809.000000
837.000000
833.000000
832.000000
832.000000
810.000000
841.000000
829.000000
836.000000
808.000000
652.000000
820.000000
820.000000
834.000000
819.000000
829.000000
832.000000
843.000000
821.000000
815.000000
833.000000
831.000000
838.000000
832.000000
808.000000
809.000000
838.000000
843.000000
832.000000
816.000000
808.000000
837.000000
854.000000
796.000000
832.000000
821.000000
836.000000
837.000000
811.000000
835.000000
833.000000
834.000000
816.000000
810.000000
807.000000
831.000000
833.000000
846.000000
818.000000
805.000000
794.000000
803.000000
807.000000
832.000000
780.000000
791.000000
833.000000
660.000000
811.000000
835.000000
798.000000
808.000000
811.000000
793.000000
790.000000
836.000000
810.000000
832.000000
836.000000
800.000000
830.000000
667.000000
849.000000
839.000000
832.000000
800.000000
833.000000
849.000000
833.000000
832.000000
822.000000
833.000000
1053.000000
846.000000
646.000000
836.000000
810.000000
837.000000
832.000000
839.000000
824.000000
822.000000
833.000000
876.000000
847.000000
653.000000
815.000000
839.000000
812.000000
833.000000
826.000000
812.000000
840.000000
811.000000
868.000000
840.000000
834.000000
810.000000
836.000000
831.000000
630.000000
877.000000
866.000000
835.000000
875.000000
810.000000
791.000000
836.000000
836.000000
830.000000
832.000000
792.000000
849.000000
810.000000
652.000000
810.000000
838.000000
812.000000
849.000000
843.000000
834.000000
836.000000
836.000000
809.000000
880.000000
816.000000
811.000000
810.000000
838.000000
835.000000
643.000000
835.000000
810.000000
843.000000
807.000000
822.000000
808.000000
838.000000
806.000000
829.000000
652.000000
879.000000
823.000000
809.000000
843.000000
834.000000
879.000000
832.000000
851.000000
626.000000
836.000000
833.000000
833.000000
863.000000
881.000000
801.000000
832.000000
811.000000
834.000000
836.000000
832.000000
844.000000
794.000000
837.000000
819.000000
807.000000
830.000000
628.000000
831.000000
834.000000
828.000000
823.000000
838.000000
834.000000
822.000000
833.000000
818.000000
668.000000
803.000000
845.000000
800.000000
810.000000
834.000000
833.000000
810.000000
815.000000
836.000000
832.000000
625.000000
839.000000
823.000000
824.000000
825.000000
807.000000
831.000000
837.000000
834.000000
839.000000
651.000000
833.000000
835.000000
847.000000
830.000000
833.000000
821.000000
811.000000
819.000000
832.000000
821.000000
849.000000
627.000000
838.000000
821.000000
835.000000
804.000000
842.000000
836.000000
836.000000
832.000000
834.000000
834.000000
811.000000
833.000000
630.000000
839.000000
810.000000
876.000000
781.000000
809.000000
873.000000
838.000000
823.000000
832.000000
836.000000
836.000000
810.000000
795.000000
806.000000
838.000000
833.000000
833.000000
835.000000
837.000000
820.000000
627.000000
820.000000
831.000000
830.000000
834.000000
799.000000
837.000000
835.000000
878.000000
832.000000
832.000000
843.000000
657.000000
794.000000
832.000000
543.000000
875.000000
626.000000
833.000000
810.000000
834.000000
838.000000
651.000000
837.000000
819.000000
831.000000
878.000000
842.000000
833.000000
849.000000
850.000000
828.000000
815.000000
648.000000
834.000000
833.000000
849.000000
832.000000
835.000000
873.000000
809.000000
819.000000
627.000000
822.000000
839.000000
840.000000
875.000000
831.000000
834.000000
832.000000
796.000000
810.000000
836.000000
861.000000
653.000000
855.000000
849.000000
809.000000
834.000000
808.000000
834.000000
822.000000
832.000000
833.000000
830.000000
811.000000
836.000000
831.000000
846.000000
847.000000
629.000000
822.000000
834.000000
848.000000
834.000000
845.000000
832.000000
822.000000
654.000000
829.000000
825.000000
831.000000
844.000000
875.000000
844.000000
833.000000
847.000000
794.000000
655.000000
832.000000
884.000000
831.000000
839.000000
844.000000
833.000000
879.000000
817.000000
834.000000
836.000000
627.000000
847.000000
833.000000
878.000000
809.000000
831.000000
836.000000
829.000000
809.000000
833.000000
809.000000
837.000000
819.000000
832.000000
821.000000
832.000000
832.000000
829.000000
809.000000
677.000000
812.000000
880.000000
806.000000
830.000000
808.000000
832.000000
821.000000
834.000000
810.000000
833.000000
800.000000
836.000000
836.000000
814.000000
830.000000
793.000000
811.000000
837.000000
833.000000
826.000000
837.000000
831.000000
835.000000
851.000000
863.000000
830.000000
830.000000
836.000000
653.000000
816.000000
833.000000
810.000000
840.000000
809.000000
812.000000
837.000000
836.000000
821.000000
811.000000
832.000000
838.000000
651.000000
811.000000
837.000000
836.000000
835.000000
836.000000
880.000000
848.000000
809.000000
653.000000
834.000000
832.000000
826.000000
820.000000
833.000000
832.000000
844.000000
830.000000
841.000000
834.000000
835.000000
833.000000
817.000000
636.000000
834.000000
841.000000
832.000000
832.000000
834.000000
821.000000
834.000000
820.000000
835.000000
833.000000
830.000000
651.000000
832.000000
878.000000
849.000000
809.000000
881.000000
810.000000
861.000000
873.000000
655.000000
832.000000
834.000000
830.000000
823.000000
834.000000
832.000000
813.000000
837.000000
821.000000
847.000000
654.000000
811.000000
811.000000
838.000000
832.000000
834.000000
832.000000
824.000000
836.000000
809.000000
835.000000
652.000000
834.000000
835.000000
864.000000
809.000000
811.000000
808.000000
837.000000
862.000000
651.000000
835.000000
860.000000
834.000000
835.000000
851.000000
812.000000
840.000000
872.000000
810.000000
843.000000
639.000000
810.000000
810.000000
840.000000
851.000000
809.000000
835.000000
838.000000
832.000000
838.000000
844.000000
830.000000
828.000000
821.000000
807.000000
809.000000
960.000000
861.000000
850.000000
863.000000
848.000000
849.000000
822.000000
817.000000
843.000000
837.000000
844.000000
844.000000
832.000000
853.000000
837.000000
844.000000
833.000000
845.000000
834.000000
833.000000
834.000000
818.000000
822.000000
810.000000
838.000000
566.000000
819.000000
879.000000
809.000000
817.000000
821.000000
841.000000
827.000000
815.000000
829.000000
830.000000
836.000000
836.000000
842.000000
833.000000
795.000000
889.000000
822.000000
822.000000
820.000000
836.000000
810.000000
609.000000
832.000000
832.000000
875.000000
809.000000
819.000000
809.000000
834.000000
841.000000
649.000000
833.000000
876.000000
820.000000
833.000000
833.000000
833.000000
827.000000
824.000000
844.000000
832.000000
654.000000
833.000000
836.000000
833.000000
832.000000
832.000000
824.000000
874.000000
846.000000
829.000000
810.000000
835.000000
841.000000
658.000000
831.000000
884.000000
833.000000
832.000000
850.000000
837.000000
818.000000
831.000000
635.000000
839.000000
833.000000
826.000000
834.000000
837.000000
834.000000
830.000000
823.000000
836.000000
662.000000
841.000000
819.000000
836.000000
834.000000
835.000000
844.000000
810.000000
843.000000
832.000000
832.000000
821.000000
837.000000
831.000000
832.000000
831.000000
819.000000
818.000000
836.000000
820.000000
842.000000
835.000000
871.000000
836.000000
811.000000
833.000000
829.000000
823.000000
837.000000
817.000000
835.000000
874.000000
832.000000
832.000000
834.000000
831.000000
852.000000
809.000000
793.000000
818.000000
1085.000000
816.000000
831.000000
793.000000
812.000000
635.000000
812.000000
810.000000
796.000000
791.000000
804.000000
809.000000
793.000000
795.000000
833.000000
811.000000
613.000000
852.000000
832.000000
809.000000
817.000000
807.000000
814.000000
811.000000
809.000000
846.000000
831.000000
809.000000
831.000000
819.000000
818.000000
778.000000
626.000000
792.000000
837.000000
814.000000
829.000000
809.000000
837.000000
833.000000
791.000000
807.000000
829.000000
622.000000
797.000000
790.000000
836.000000
836.000000
842.000000
801.000000
847.000000
810.000000
841.000000
835.000000
832.000000
652.000000
837.000000
887.000000
834.000000
845.000000
835.000000
797.000000
835.000000
808.000000
851.000000
837.000000
836.000000
809.000000
849.000000
819.000000
694.000000
810.000000
839.000000
790.000000
833.000000
833.000000
834.000000
841.000000
834.000000
838.000000
836.000000
837.000000
822.000000
651.000000
833.000000
834.000000
836.000000
834.000000
835.000000
796.000000
836.000000
821.000000
836.000000
808.000000
655.000000
850.000000
1062.000000
855.000000
836.000000
829.000000
841.000000
837.000000
878.000000
839.000000
853.000000
839.000000
821.000000
811.000000
627.000000
809.000000
832.000000
808.000000
812.000000
838.000000
837.000000
811.000000
831.000000
843.000000
812.000000
832.000000
819.000000
818.000000
630.000000
808.000000
840.000000
832.000000
831.000000
810.000000
836.000000
819.000000
829.000000
832.000000
831.000000
796.000000
847.000000
641.000000
831.000000
1104.000000
837.000000
842.000000
836.000000
836.000000
841.000000
831.000000
809.000000
837.000000
832.000000
830.000000
797.000000
842.000000
806.000000
626.000000
836.000000
839.000000
831.000000
830.000000
821.000000
839.000000
835.000000
801.000000
835.000000
876.000000
824.000000
809.000000
798.000000
658.000000
832.000000
832.000000
834.000000
831.000000
822.000000
839.000000
856.000000
836.000000
832.000000
810.000000
829.000000
835.000000
818.000000
832.000000
817.000000
630.000000
837.000000
834.000000
834.000000
819.000000
810.000000
880.000000
835.000000
821.000000
807.000000
836.000000
835.000000
836.000000
872.000000
797.000000
652.000000
832.000000
815.000000
811.000000
836.000000
874.000000
834.000000
812.000000
844.000000
838.000000
849.000000
874.000000
835.000000
837.000000
832.000000
846.000000
807.000000
689.000000
782.000000
880.000000
832.000000
833.000000
835.000000
808.000000
832.000000
832.000000
836.000000
808.000000
832.000000
835.000000
832.000000
651.000000
834.000000
839.000000
846.000000
834.000000
846.000000
837.000000
850.000000
832.000000
881.000000
792.000000
825.000000
822.000000
866.000000
830.000000
857.000000
829.000000
832.000000
812.000000
830.000000
800.000000
823.000000
888.000000
809.000000
834.000000
846.000000
883.000000
859.000000
852.000000
838.000000
853.000000
844.000000
877.000000
840.000000
852.000000
839.000000
814.000000
836.000000
842.000000
858.000000
844.000000
836.000000
841.000000
828.000000
822.000000
834.000000
811.000000
842.000000
810.000000
864.000000
689.000000
834.000000
837.000000
834.000000
830.000000
844.000000
840.000000
828.000000
841.000000
886.000000
834.000000
835.000000
833.000000
836.000000
831.000000
842.000000
653.000000
876.000000
816.000000
841.000000
824.000000
850.000000
834.000000
795.000000
