# The following is a list of IOPS values using KvmRbdFio.
# Op Size: 4096
# Concurrent Ops: 4
# Mode: write
2528.000000
3548.000000
3094.000000
4027.000000
3104.000000
2916.000000
2628.000000
2827.000000
2082.000000
4764.000000
3022.000000
3005.000000
4800.000000
3027.000000
3035.000000
2549.000000
3615.000000
3019.000000
2980.000000
2660.000000
1938.000000
4460.000000
2872.000000
2473.000000
3039.000000
2669.000000
2772.000000
3246.000000
2811.000000
2770.000000
2868.000000
2870.000000
2902.000000
3207.000000
3029.000000
3902.000000
3073.000000
3940.000000
3912.000000
3020.000000
4089.000000
3696.000000
3477.000000
3556.000000
3540.000000
3341.000000
2634.000000
3101.000000
3184.000000
3176.000000
3264.000000
3236.000000
2679.000000
2820.000000
3210.000000
2737.000000
3464.000000
2854.000000
2860.000000
2850.000000
3112.000000
4628.000000
2043.000000
2732.000000
2908.000000
2689.000000
1920.000000
1888.000000
5059.000000
2707.000000
2822.000000
2910.000000
2936.000000
5035.000000
2558.000000
2884.000000
2986.000000
2906.000000
2916.000000
2902.000000
2792.000000
2938.000000
2956.000000
2912.000000
2216.000000
2784.000000
2974.000000
2948.000000
2932.000000
3006.000000
2970.000000
2944.000000
2942.000000
2956.000000
2366.000000
4246.000000
2968.000000
2956.000000
2356.000000
3938.000000
2900.000000
2888.000000
2522.000000
3686.000000
3201.000000
2776.000000
2670.000000
2974.000000
3862.000000
2890.000000
2703.000000
2864.000000
2664.000000
2778.000000
2306.000000
2011.000000
5282.000000
3063.000000
3061.000000
