# The following is a list of IOPS values using KvmRbdFio.
# Op Size: 4194304
# Concurrent Ops: 4
# Mode: read
17.000000
29.000000
29.000000
28.000000
21.000000
25.000000
31.000000
29.000000
27.000000
24.000000
25.000000
28.000000
26.000000
29.000000
25.000000
31.000000
25.000000
23.000000
27.000000
26.000000
26.000000
32.000000
22.000000
30.000000
25.000000
26.000000
31.000000
22.000000
27.000000
29.000000
25.000000
24.000000
25.000000
25.000000
33.000000
24.000000
29.000000
21.000000
27.000000
26.000000
27.000000
25.000000
31.000000
24.000000
26.000000
22.000000
29.000000
27.000000
21.000000
27.000000
28.000000
27.000000
23.000000
28.000000
22.000000
26.000000
29.000000
25.000000
23.000000
24.000000
27.000000
31.000000
23.000000
21.000000
30.000000
20.000000
25.000000
25.000000
27.000000
21.000000
29.000000
21.000000
30.000000
23.000000
27.000000
28.000000
23.000000
24.000000
27.000000
23.000000
28.000000
29.000000
21.000000
28.000000
22.000000
29.000000
26.000000
28.000000
23.000000
25.000000
29.000000
24.000000
24.000000
24.000000
27.000000
23.000000
33.000000
27.000000
21.000000
29.000000
27.000000
27.000000
24.000000
25.000000
24.000000
30.000000
25.000000
27.000000
25.000000
24.000000
57.000000
28.000000
24.000000
12.000000
