# The following is a list of throughput values in MB/s using KvmRbdFio.
# Op Size: 4194304
# Concurrent Ops: 4
# Mode: randwrite
50746.000000
73142.000000
55164.000000
66710.000000
61134.000000
59578.000000
63900.000000
54927.000000
75711.000000
72000.000000
47444.000000
50567.000000
62773.000000
81593.000000
63381.000000
50478.000000
69778.000000
65536.000000
86864.000000
65536.000000
43651.000000
55351.000000
83591.000000
54717.000000
48026.000000
65145.000000
69818.000000
47786.000000
68153.000000
78167.000000
60124.000000
59362.000000
76992.000000
62894.000000
69950.000000
78631.000000
50125.000000
62894.000000
76992.000000
56496.000000
43420.000000
68140.000000
62653.000000
65405.000000
64758.000000
52802.000000
64000.000000
58514.000000
59148.000000
51754.000000
97523.000000
63503.000000
58099.000000
71166.000000
56440.000000
57087.000000
69950.000000
83282.000000
59148.000000
100090.000000
73935.000000
38641.000000
68014.000000
83282.000000
81756.000000
36056.000000
82823.000000
55518.000000
63015.000000
54822.000000
79792.000000
59686.000000
67516.000000
69423.000000
67270.000000
74337.000000
54613.000000
78921.000000
73288.000000
58306.000000
68520.000000
81475.000000
57115.000000
52802.000000
47470.000000
89219.000000
59578.000000
83282.000000
59686.000000
63381.000000
83282.000000
69033.000000
64111.000000
70378.000000
52130.000000
62894.000000
75271.000000
82218.000000
80601.000000
52225.000000
57115.000000
61248.000000
58935.000000
56776.000000
71303.000000
69950.000000
47535.000000
49152.000000
67516.000000
78907.000000
9256.000000
