# The following is a list of throughput values in MB/s using KvmRbdFio.
# Op Size: 4096
# Concurrent Ops: 4
# Mode: write
10115.000000
14192.000000
12376.000000
16111.000000
12416.000000
11664.000000
10512.000000
11308.000000
8328.000000
19056.000000
12088.000000
12023.000000
19200.000000
12111.000000
12143.000000
10198.000000
14460.000000
12079.000000
11920.000000
10640.000000
7753.000000
17840.000000
11488.000000
9892.000000
12158.000000
10676.000000
11089.000000
12986.000000
11246.000000
11080.000000
11475.000000
11482.000000
11608.000000
12830.000000
12119.000000
15608.000000
12293.000000
15760.000000
15648.000000
12080.000000
16359.000000
14784.000000
13908.000000
14224.000000
14160.000000
13367.000000
10536.000000
12404.000000
12736.000000
12707.000000
13056.000000
12944.000000
10716.000000
11281.000000
12840.000000
10949.000000
13856.000000
11416.000000
11440.000000
11402.000000
12451.000000
18512.000000
8174.000000
10928.000000
11633.000000
10757.000000
7680.000000
7552.000000
20237.000000
10828.000000
11288.000000
11641.000000
11744.000000
20141.000000
10234.000000
11536.000000
11944.000000
11624.000000
11664.000000
11608.000000
11168.000000
11752.000000
11824.000000
11648.000000
8864.000000
11136.000000
11896.000000
11792.000000
11728.000000
12024.000000
11880.000000
11776.000000
11768.000000
11825.000000
9464.000000
16984.000000
11872.000000
11824.000000
9425.000000
15752.000000
11600.000000
11552.000000
10091.000000
14744.000000
12806.000000
11104.000000
10680.000000
11896.000000
15451.000000
11561.000000
10812.000000
11458.000000
10656.000000
11115.000000
9227.000000
8047.000000
21130.000000
12254.000000
12247.000000
