# The following is a list of IOPS values using KvmRbdFio.
# Op Size: 131072
# Concurrent Ops: 4
# Mode: read
856.000000
896.000000
861.000000
834.000000
839.000000
790.000000
840.000000
920.000000
876.000000
852.000000
869.000000
888.000000
892.000000
896.000000
904.000000
902.000000
886.000000
888.000000
831.000000
827.000000
846.000000
838.000000
893.000000
896.000000
900.000000
904.000000
880.000000
890.000000
878.000000
906.000000
896.000000
877.000000
892.000000
841.000000
831.000000
844.000000
846.000000
882.000000
886.000000
816.000000
808.000000
853.000000
870.000000
848.000000
860.000000
852.000000
848.000000
863.000000
798.000000
803.000000
796.000000
836.000000
839.000000
863.000000
744.000000
817.000000
792.000000
792.000000
856.000000
820.000000
852.000000
840.000000
862.000000
831.000000
823.000000
782.000000
798.000000
830.000000
858.000000
800.000000
790.000000
776.000000
798.000000
840.000000
836.000000
868.000000
828.000000
807.000000
790.000000
800.000000
795.000000
784.000000
790.000000
832.000000
844.000000
864.000000
842.000000
804.000000
806.000000
774.000000
838.000000
872.000000
836.000000
776.000000
798.000000
782.000000
772.000000
782.000000
795.000000
819.000000
844.000000
855.000000
855.000000
811.000000
803.000000
768.000000
870.000000
867.000000
840.000000
772.000000
840.000000
803.000000
804.000000
750.000000
728.000000
722.000000
849.000000
860.000000
870.000000
