# The following is a list of latency values in ms using KvmRbdFio.
# Op Size: 4194304
# Concurrent Ops: 4
# Mode: randread
3122.000000
1417.000000
1504.000000
1889.000000
1808.000000
2116.000000
2172.000000
1830.000000
2004.000000
1812.000000
2012.000000
1817.000000
1936.000000
1945.000000
1979.000000
1670.000000
557.000000
463.000000
458.000000
558.000000
651.000000
471.000000
882.000000
710.000000
642.000000
980.000000
757.000000
878.000000
526.000000
1055.000000
651.000000
1001.000000
849.000000
848.000000
815.000000
848.000000
842.000000
887.000000
841.000000
831.000000
854.000000
849.000000
871.000000
841.000000
814.000000
841.000000
843.000000
835.000000
757.000000
719.000000
844.000000
853.000000
840.000000
819.000000
845.000000
844.000000
838.000000
871.000000
839.000000
842.000000
829.000000
842.000000
814.000000
755.000000
839.000000
836.000000
872.000000
840.000000
839.000000
841.000000
841.000000
873.000000
840.000000
837.000000
754.000000
845.000000
814.000000
841.000000
695.000000
841.000000
840.000000
838.000000
826.000000
889.000000
820.000000
795.000000
840.000000
825.000000
838.000000
828.000000
840.000000
826.000000
814.000000
717.000000
817.000000
874.000000
803.000000
853.000000
734.000000
836.000000
837.000000
841.000000
836.000000
839.000000
843.000000
858.000000
837.000000
717.000000
827.000000
818.000000
846.000000
828.000000
841.000000
821.000000
842.000000
817.000000
803.000000
842.000000
838.000000
836.000000
719.000000
840.000000
816.000000
872.000000
858.000000
839.000000
814.000000
755.000000
845.000000
844.000000
816.000000
693.000000
847.000000
846.000000
847.000000
818.000000
840.000000
874.000000
848.000000
1034.000000
845.000000
817.000000
841.000000
834.000000
816.000000
820.000000
828.000000
832.000000
751.000000
841.000000
852.000000
716.000000
844.000000
815.000000
843.000000
839.000000
816.000000
843.000000
831.000000
841.000000
835.000000
737.000000
838.000000
703.000000
842.000000
842.000000
850.000000
836.000000
825.000000
841.000000
827.000000
844.000000
839.000000
815.000000
852.000000
878.000000
833.000000
844.000000
840.000000
815.000000
841.000000
1071.000000
858.000000
748.000000
840.000000
720.000000
818.000000
844.000000
816.000000
823.000000
843.000000
827.000000
840.000000
817.000000
838.000000
844.000000
844.000000
873.000000
849.000000
851.000000
767.000000
836.000000
811.000000
817.000000
836.000000
854.000000
1071.000000
823.000000
833.000000
834.000000
742.000000
1057.000000
844.000000
837.000000
736.000000
835.000000
845.000000
838.000000
842.000000
845.000000
851.000000
815.000000
818.000000
843.000000
840.000000
783.000000
764.000000
858.000000
851.000000
843.000000
837.000000
844.000000
857.000000
841.000000
842.000000
838.000000
847.000000
841.000000
842.000000
866.000000
846.000000
848.000000
809.000000
752.000000
737.000000
813.000000
847.000000
843.000000
817.000000
817.000000
846.000000
842.000000
1039.000000
839.000000
829.000000
722.000000
826.000000
852.000000
838.000000
841.000000
844.000000
817.000000
836.000000
840.000000
827.000000
851.000000
764.000000
837.000000
680.000000
839.000000
840.000000
817.000000
844.000000
1057.000000
803.000000
817.000000
848.000000
842.000000
839.000000
835.000000
768.000000
693.000000
847.000000
813.000000
822.000000
837.000000
833.000000
817.000000
844.000000
810.000000
815.000000
844.000000
822.000000
848.000000
839.000000
840.000000
815.000000
748.000000
819.000000
843.000000
819.000000
844.000000
814.000000
816.000000
815.000000
726.000000
835.000000
845.000000
817.000000
868.000000
814.000000
840.000000
833.000000
819.000000
840.000000
837.000000
811.000000
849.000000
721.000000
824.000000
838.000000
843.000000
838.000000
841.000000
840.000000
824.000000
828.000000
758.000000
858.000000
1031.000000
842.000000
846.000000
827.000000
838.000000
841.000000
845.000000
838.000000
818.000000
763.000000
692.000000
842.000000
830.000000
816.000000
838.000000
874.000000
830.000000
815.000000
848.000000
841.000000
843.000000
843.000000
847.000000
839.000000
761.000000
816.000000
718.000000
847.000000
827.000000
841.000000
842.000000
873.000000
818.000000
1056.000000
844.000000
840.000000
827.000000
843.000000
875.000000
739.000000
694.000000
841.000000
851.000000
824.000000
840.000000
841.000000
833.000000
843.000000
836.000000
847.000000
817.000000
835.000000
839.000000
724.000000
818.000000
837.000000
818.000000
840.000000
758.000000
855.000000
844.000000
840.000000
818.000000
735.000000
1050.000000
844.000000
869.000000
841.000000
817.000000
840.000000
816.000000
816.000000
845.000000
814.000000
816.000000
817.000000
841.000000
836.000000
737.000000
723.000000
842.000000
826.000000
814.000000
838.000000
817.000000
842.000000
841.000000
816.000000
821.000000
840.000000
718.000000
839.000000
843.000000
815.000000
873.000000
840.000000
844.000000
839.000000
817.000000
762.000000
840.000000
838.000000
814.000000
843.000000
829.000000
827.000000
846.000000
873.000000
841.000000
820.000000
825.000000
838.000000
837.000000
829.000000
841.000000
841.000000
838.000000
846.000000
745.000000
814.000000
842.000000
870.000000
751.000000
842.000000
840.000000
838.000000
845.000000
807.000000
839.000000
812.000000
818.000000
847.000000
842.000000
874.000000
797.000000
819.000000
760.000000
840.000000
871.000000
848.000000
840.000000
843.000000
848.000000
856.000000
816.000000
693.000000
847.000000
816.000000
844.000000
845.000000
758.000000
827.000000
841.000000
821.000000
842.000000
840.000000
845.000000
839.000000
1089.000000
820.000000
838.000000
838.000000
813.000000
840.000000
825.000000
828.000000
870.000000
826.000000
757.000000
811.000000
863.000000
667.000000
819.000000
833.000000
843.000000
852.000000
834.000000
760.000000
841.000000
845.000000
831.000000
839.000000
840.000000
815.000000
845.000000
838.000000
841.000000
709.000000
1070.000000
801.000000
876.000000
840.000000
841.000000
816.000000
835.000000
844.000000
840.000000
842.000000
845.000000
827.000000
1036.000000
816.000000
868.000000
692.000000
814.000000
769.000000
840.000000
847.000000
803.000000
840.000000
838.000000
838.000000
841.000000
816.000000
843.000000
841.000000
840.000000
820.000000
836.000000
841.000000
742.000000
840.000000
694.000000
817.000000
840.000000
848.000000
815.000000
845.000000
826.000000
837.000000
839.000000
851.000000
813.000000
871.000000
823.000000
863.000000
817.000000
841.000000
838.000000
838.000000
764.000000
693.000000
815.000000
846.000000
874.000000
816.000000
840.000000
839.000000
827.000000
870.000000
847.000000
836.000000
840.000000
815.000000
836.000000
762.000000
844.000000
856.000000
813.000000
722.000000
839.000000
827.000000
841.000000
829.000000
843.000000
816.000000
841.000000
763.000000
828.000000
819.000000
841.000000
814.000000
845.000000
745.000000
816.000000
817.000000
847.000000
837.000000
762.000000
838.000000
845.000000
841.000000
824.000000
843.000000
834.000000
844.000000
840.000000
854.000000
842.000000
826.000000
720.000000
829.000000
837.000000
1053.000000
826.000000
840.000000
845.000000
832.000000
793.000000
840.000000
862.000000
859.000000
1066.000000
719.000000
813.000000
812.000000
815.000000
842.000000
854.000000
844.000000
828.000000
817.000000
842.000000
845.000000
856.000000
737.000000
840.000000
823.000000
724.000000
860.000000
838.000000
844.000000
839.000000
849.000000
837.000000
844.000000
816.000000
818.000000
837.000000
842.000000
835.000000
849.000000
841.000000
760.000000
837.000000
853.000000
815.000000
734.000000
815.000000
856.000000
836.000000
813.000000
758.000000
841.000000
819.000000
839.000000
816.000000
842.000000
849.000000
827.000000
724.000000
842.000000
846.000000
872.000000
837.000000
764.000000
837.000000
836.000000
837.000000
726.000000
839.000000
842.000000
848.000000
840.000000
840.000000
842.000000
876.000000
847.000000
835.000000
840.000000
815.000000
841.000000
762.000000
820.000000
829.000000
844.000000
841.000000
879.000000
807.000000
839.000000
724.000000
840.000000
839.000000
842.000000
841.000000
767.000000
841.000000
841.000000
711.000000
842.000000
827.000000
838.000000
843.000000
817.000000
843.000000
816.000000
840.000000
845.000000
843.000000
841.000000
841.000000
845.000000
843.000000
841.000000
738.000000
715.000000
827.000000
839.000000
817.000000
844.000000
872.000000
844.000000
816.000000
846.000000
817.000000
819.000000
738.000000
828.000000
829.000000
851.000000
841.000000
839.000000
825.000000
836.000000
860.000000
840.000000
838.000000
819.000000
742.000000
841.000000
843.000000
873.000000
871.000000
828.000000
815.000000
874.000000
819.000000
735.000000
837.000000
841.000000
841.000000
719.000000
843.000000
872.000000
837.000000
848.000000
839.000000
846.000000
870.000000
842.000000
816.000000
844.000000
841.000000
834.000000
816.000000
843.000000
723.000000
841.000000
745.000000
819.000000
840.000000
819.000000
849.000000
838.000000
843.000000
839.000000
828.000000
839.000000
760.000000
829.000000
827.000000
845.000000
692.000000
813.000000
837.000000
824.000000
835.000000
845.000000
838.000000
809.000000
816.000000
829.000000
827.000000
757.000000
830.000000
816.000000
1053.000000
815.000000
871.000000
835.000000
842.000000
877.000000
838.000000
842.000000
844.000000
841.000000
849.000000
851.000000
721.000000
836.000000
826.000000
829.000000
760.000000
829.000000
837.000000
844.000000
841.000000
856.000000
850.000000
838.000000
847.000000
840.000000
829.000000
841.000000
843.000000
803.000000
843.000000
714.000000
839.000000
857.000000
836.000000
831.000000
840.000000
847.000000
843.000000
846.000000
760.000000
863.000000
841.000000
722.000000
815.000000
842.000000
813.000000
825.000000
818.000000
874.000000
840.000000
842.000000
841.000000
840.000000
826.000000
842.000000
836.000000
720.000000
842.000000
839.000000
761.000000
837.000000
838.000000
843.000000
847.000000
819.000000
844.000000
819.000000
814.000000
842.000000
720.000000
819.000000
843.000000
953.000000
827.000000
843.000000
844.000000
826.000000
842.000000
848.000000
711.000000
819.000000
838.000000
840.000000
841.000000
818.000000
838.000000
843.000000
736.000000
846.000000
814.000000
815.000000
820.000000
820.000000
848.000000
820.000000
719.000000
844.000000
817.000000
845.000000
873.000000
845.000000
840.000000
752.000000
840.000000
847.000000
721.000000
815.000000
838.000000
839.000000
837.000000
847.000000
841.000000
845.000000
848.000000
849.000000
843.000000
702.000000
764.000000
843.000000
1012.000000
957.000000
660.000000
750.000000
726.000000
860.000000
668.000000
840.000000
1001.000000
816.000000
816.000000
879.000000
823.000000
836.000000
842.000000
837.000000
841.000000
735.000000
846.000000
844.000000
841.000000
838.000000
816.000000
726.000000
841.000000
842.000000
875.000000
844.000000
842.000000
840.000000
767.000000
844.000000
843.000000
840.000000
842.000000
843.000000
837.000000
873.000000
815.000000
843.000000
717.000000
740.000000
842.000000
869.000000
816.000000
816.000000
848.000000
842.000000
840.000000
839.000000
849.000000
843.000000
856.000000
694.000000
842.000000
738.000000
842.000000
845.000000
841.000000
881.000000
843.000000
843.000000
816.000000
853.000000
827.000000
852.000000
797.000000
854.000000
719.000000
844.000000
842.000000
828.000000
850.000000
841.000000
841.000000
724.000000
845.000000
841.000000
817.000000
839.000000
762.000000
875.000000
862.000000
839.000000
843.000000
839.000000
840.000000
877.000000
805.000000
823.000000
818.000000
876.000000
757.000000
875.000000
846.000000
837.000000
841.000000
840.000000
714.000000
835.000000
833.000000
838.000000
840.000000
818.000000
1030.000000
764.000000
818.000000
846.000000
845.000000
846.000000
843.000000
831.000000
847.000000
836.000000
850.000000
720.000000
846.000000
844.000000
839.000000
748.000000
817.000000
822.000000
821.000000
831.000000
839.000000
846.000000
842.000000
814.000000
845.000000
697.000000
841.000000
850.000000
816.000000
816.000000
845.000000
796.000000
816.000000
843.000000
845.000000
723.000000
842.000000
836.000000
819.000000
840.000000
844.000000
817.000000
837.000000
817.000000
850.000000
849.000000
837.000000
833.000000
813.000000
758.000000
841.000000
932.000000
816.000000
818.000000
844.000000
844.000000
846.000000
825.000000
844.000000
857.000000
845.000000
841.000000
844.000000
829.000000
854.000000
755.000000
725.000000
837.000000
817.000000
880.000000
803.000000
845.000000
843.000000
846.000000
840.000000
846.000000
818.000000
842.000000
842.000000
879.000000
744.000000
842.000000
816.000000
845.000000
841.000000
829.000000
873.000000
826.000000
857.000000
765.000000
818.000000
841.000000
840.000000
726.000000
838.000000
845.000000
840.000000
820.000000
809.000000
844.000000
846.000000
840.000000
816.000000
762.000000
843.000000
843.000000
720.000000
845.000000
845.000000
876.000000
797.000000
815.000000
815.000000
834.000000
839.000000
842.000000
730.000000
846.000000
841.000000
828.000000
842.000000
846.000000
732.000000
1061.000000
819.000000
844.000000
837.000000
817.000000
813.000000
884.000000
844.000000
862.000000
863.000000
852.000000
849.000000
863.000000
830.000000
848.000000
858.000000
858.000000
842.000000
828.000000
829.000000
847.000000
853.000000
852.000000
817.000000
840.000000
819.000000
842.000000
846.000000
819.000000
862.000000
835.000000
862.000000
836.000000
859.000000
860.000000
851.000000
740.000000
859.000000
836.000000
877.000000
836.000000
815.000000
831.000000
845.000000
816.000000
847.000000
833.000000
738.000000
827.000000
849.000000
841.000000
816.000000
719.000000
849.000000
843.000000
831.000000
844.000000
832.000000
1051.000000
848.000000
848.000000
739.000000
954.000000
858.000000
857.000000
857.000000
859.000000
856.000000
867.000000
857.000000
839.000000
844.000000
865.000000
854.000000
883.000000
833.000000
852.000000
852.000000
843.000000
805.000000
843.000000
843.000000
823.000000
847.000000
847.000000
724.000000
870.000000
843.000000
845.000000
839.000000
842.000000
802.000000
830.000000
849.000000
874.000000
818.000000
845.000000
842.000000
831.000000
840.000000
831.000000
819.000000
819.000000
719.000000
844.000000
843.000000
833.000000
818.000000
874.000000
806.000000
817.000000
770.000000
815.000000
842.000000
841.000000
719.000000
873.000000
817.000000
842.000000
847.000000
945.000000
869.000000
840.000000
853.000000
858.000000
843.000000
835.000000
853.000000
855.000000
846.000000
831.000000
869.000000
837.000000
846.000000
848.000000
849.000000
854.000000
763.000000
829.000000
852.000000
816.000000
855.000000
818.000000
840.000000
752.000000
842.000000
840.000000
841.000000
848.000000
836.000000
819.000000
839.000000
843.000000
820.000000
820.000000
847.000000
841.000000
740.000000
829.000000
845.000000
842.000000
696.000000
857.000000
819.000000
839.000000
843.000000
839.000000
846.000000
843.000000
841.000000
841.000000
818.000000
1059.000000
849.000000
820.000000
843.000000
842.000000
722.000000
844.000000
842.000000
853.000000
768.000000
843.000000
833.000000
833.000000
831.000000
843.000000
818.000000
837.000000
847.000000
843.000000
840.000000
845.000000
846.000000
753.000000
841.000000
821.000000
845.000000
839.000000
707.000000
826.000000
846.000000
818.000000
827.000000
888.000000
839.000000
841.000000
846.000000
841.000000
819.000000
766.000000
840.000000
838.000000
836.000000
941.000000
858.000000
854.000000
861.000000
832.000000
860.000000
854.000000
854.000000
857.000000
823.000000
852.000000
832.000000
858.000000
855.000000
839.000000
839.000000
839.000000
832.000000
842.000000
837.000000
839.000000
843.000000
840.000000
725.000000
838.000000
1044.000000
845.000000
845.000000
847.000000
874.000000
832.000000
833.000000
751.000000
842.000000
840.000000
817.000000
715.000000
834.000000
835.000000
836.000000
818.000000
833.000000
819.000000
805.000000
841.000000
842.000000
848.000000
848.000000
818.000000
845.000000
844.000000
840.000000
830.000000
819.000000
815.000000
820.000000
696.000000
819.000000
798.000000
843.000000
839.000000
853.000000
828.000000
845.000000
760.000000
840.000000
828.000000
841.000000
874.000000
819.000000
847.000000
836.000000
840.000000
835.000000
864.000000
845.000000
724.000000
841.000000
825.000000
842.000000
840.000000
834.000000
865.000000
841.000000
760.000000
856.000000
817.000000
841.000000
842.000000
849.000000
839.000000
847.000000
824.000000
840.000000
818.000000
768.000000
843.000000
840.000000
844.000000
699.000000
845.000000
838.000000
845.000000
849.000000
826.000000
843.000000
844.000000
819.000000
819.000000
845.000000
854.000000
719.000000
836.000000
846.000000
839.000000
840.000000
815.000000
845.000000
840.000000
842.000000
843.000000
840.000000
845.000000
696.000000
843.000000
839.000000
854.000000
830.000000
827.000000
766.000000
814.000000
849.000000
842.000000
815.000000
817.000000
845.000000
840.000000
842.000000
721.000000
849.000000
841.000000
837.000000
818.000000
849.000000
844.000000
839.000000
875.000000
828.000000
817.000000
858.000000
757.000000
840.000000
717.000000
837.000000
828.000000
841.000000
828.000000
842.000000
839.000000
846.000000
810.000000
724.000000
814.000000
769.000000
839.000000
877.000000
877.000000
849.000000
847.000000
841.000000
950.000000
837.000000
845.000000
853.000000
863.000000
855.000000
851.000000
811.000000
869.000000
835.000000
860.000000
831.000000
842.000000
824.000000
824.000000
850.000000
852.000000
820.000000
838.000000
874.000000
845.000000
761.000000
845.000000
834.000000
833.000000
819.000000
727.000000
833.000000
844.000000
844.000000
842.000000
847.000000
865.000000
817.000000
840.000000
844.000000
751.000000
841.000000
826.000000
769.000000
819.000000
841.000000
872.000000
825.000000
833.000000
833.000000
835.000000
825.000000
843.000000
708.000000
843.000000
845.000000
843.000000
844.000000
851.000000
841.000000
820.000000
847.000000
750.000000
832.000000
850.000000
850.000000
808.000000
840.000000
826.000000
843.000000
843.000000
828.000000
841.000000
723.000000
831.000000
766.000000
817.000000
850.000000
845.000000
845.000000
860.000000
816.000000
863.000000
817.000000
847.000000
839.000000
722.000000
765.000000
837.000000
842.000000
843.000000
842.000000
844.000000
846.000000
831.000000
809.000000
827.000000
878.000000
831.000000
698.000000
848.000000
762.000000
841.000000
821.000000
840.000000
839.000000
818.000000
816.000000
838.000000
843.000000
707.000000
842.000000
828.000000
843.000000
841.000000
1204.000000
775.000000
818.000000
846.000000
839.000000
808.000000
818.000000
718.000000
843.000000
843.000000
824.000000
835.000000
849.000000
837.000000
820.000000
740.000000
847.000000
840.000000
830.000000
818.000000
846.000000
843.000000
838.000000
706.000000
815.000000
855.000000
841.000000
881.000000
872.000000
853.000000
848.000000
839.000000
696.000000
839.000000
842.000000
845.000000
818.000000
845.000000
760.000000
836.000000
828.000000
853.000000
842.000000
839.000000
842.000000
875.000000
843.000000
830.000000
844.000000
717.000000
848.000000
873.000000
837.000000
839.000000
844.000000
819.000000
842.000000
839.000000
840.000000
836.000000
845.000000
859.000000
744.000000
852.000000
823.000000
886.000000
846.000000
694.000000
845.000000
876.000000
844.000000
843.000000
829.000000
841.000000
845.000000
851.000000
875.000000
761.000000
815.000000
848.000000
848.000000
844.000000
842.000000
842.000000
850.000000
856.000000
845.000000
696.000000
1137.000000
863.000000
848.000000
1052.000000
842.000000
837.000000
845.000000
836.000000
818.000000
840.000000
843.000000
819.000000
