# The following is a list of throughput values in MB/s using KvmRbdFio.
# Op Size: 4096
# Concurrent Ops: 4
# Mode: read
99960.000000
108032.000000
107008.000000
102706.000000
105261.000000
106864.000000
105405.000000
110336.000000
107560.000000
105728.000000
106624.000000
107091.000000
108621.000000
109056.000000
108360.000000
109752.000000
108480.000000
106858.000000
108032.000000
95172.000000
103936.000000
104448.000000
104960.000000
108838.000000
109131.000000
106581.000000
107016.000000
108103.000000
107601.000000
108621.000000
108544.000000
108784.000000
106852.000000
108327.000000
107992.000000
103472.000000
103928.000000
107256.000000
104294.000000
107104.000000
106698.000000
105984.000000
102912.000000
105561.000000
99952.000000
106384.000000
98107.000000
104960.000000
106071.000000
105772.000000
107816.000000
99240.000000
97880.000000
104239.000000
103316.000000
107091.000000
97402.000000
102800.000000
102008.000000
102344.000000
107139.000000
102706.000000
103011.000000
101208.000000
98902.000000
98618.000000
92998.000000
98735.000000
96190.000000
99840.000000
101208.000000
104407.000000
104696.000000
104712.000000
99640.000000
101864.000000
98759.000000
98618.000000
103256.000000
100319.000000
91976.000000
98816.000000
98422.000000
98618.000000
99840.000000
96312.000000
97224.000000
103011.000000
104624.000000
105832.000000
102988.000000
101888.000000
99952.000000
98618.000000
101684.000000
102807.000000
103217.000000
98618.000000
93508.000000
100032.000000
99960.000000
99129.000000
95232.000000
101672.000000
104152.000000
105984.000000
104541.000000
101560.000000
100788.000000
99129.000000
99840.000000
103316.000000
103016.000000
101784.000000
98422.000000
100352.000000
99640.000000
99952.000000
96063.000000
