# The following is a list of throughput values in MB/s using KvmRbdFio.
# Op Size: 131072
# Concurrent Ops: 4
# Mode: randread
42240.000000
38425.000000
37045.000000
39776.000000
38756.000000
36462.000000
35072.000000
34048.000000
38425.000000
37482.000000
41644.000000
36898.000000
35992.000000
40704.000000
39168.000000
39168.000000
37841.000000
38400.000000
34932.000000
40960.000000
37120.000000
38934.000000
39680.000000
36864.000000
37333.000000
35840.000000
38425.000000
39424.000000
38756.000000
38501.000000
39873.000000
35047.000000
39266.000000
39680.000000
37556.000000
39680.000000
38603.000000
36864.000000
39856.000000
37153.000000
36752.000000
39011.000000
38144.000000
37888.000000
34015.000000
38095.000000
39715.000000
38526.000000
37376.000000
37376.000000
36389.000000
37227.000000
38679.000000
38656.000000
38400.000000
37632.000000
36534.000000
41051.000000
38934.000000
37556.000000
40796.000000
38067.000000
37153.000000
38323.000000
41561.000000
39168.000000
36279.000000
36207.000000
34353.000000
40031.000000
41900.000000
38834.000000
34471.000000
39936.000000
38501.000000
40704.000000
40448.000000
36462.000000
36096.000000
39345.000000
39776.000000
39521.000000
39619.000000
38578.000000
38323.000000
36717.000000
36752.000000
39776.000000
35371.000000
41644.000000
38501.000000
37227.000000
39559.000000
40796.000000
36534.000000
37045.000000
38656.000000
37376.000000
38578.000000
36352.000000
36864.000000
39011.000000
41644.000000
36102.000000
34099.000000
39952.000000
38756.000000
36864.000000
41216.000000
38578.000000
41733.000000
36644.000000
38934.000000
38834.000000
40960.000000
37737.000000
38400.000000
37333.000000
39776.000000
