# The following is a list of throughput values in MB/s using KvmRbdFio.
# Op Size: 4096
# Concurrent Ops: 4
# Mode: randwrite
598.000000
669.000000
717.000000
598.000000
701.000000
637.000000
696.000000
771.000000
598.000000
709.000000
701.000000
653.000000
738.000000
695.000000
648.000000
678.000000
658.000000
725.000000
666.000000
662.000000
697.000000
741.000000
646.000000
664.000000
769.000000
621.000000
726.000000
647.000000
771.000000
573.000000
639.000000
630.000000
563.000000
694.000000
726.000000
607.000000
753.000000
756.000000
706.000000
630.000000
755.000000
678.000000
755.000000
715.000000
688.000000
727.000000
638.000000
628.000000
664.000000
697.000000
766.000000
636.000000
645.000000
732.000000
696.000000
667.000000
680.000000
670.000000
669.000000
686.000000
664.000000
719.000000
684.000000
702.000000
632.000000
696.000000
736.000000
592.000000
709.000000
740.000000
736.000000
631.000000
603.000000
736.000000
753.000000
717.000000
760.000000
661.000000
739.000000
640.000000
755.000000
649.000000
691.000000
656.000000
572.000000
709.000000
664.000000
664.000000
704.000000
671.000000
678.000000
633.000000
674.000000
719.000000
574.000000
709.000000
646.000000
634.000000
773.000000
677.000000
747.000000
625.000000
642.000000
768.000000
602.000000
774.000000
681.000000
691.000000
750.000000
682.000000
702.000000
640.000000
776.000000
652.000000
716.000000
693.000000
715.000000
707.000000
