# The following is a list of throughput values in MB/s using KvmRbdFio.
# Op Size: 4096
# Concurrent Ops: 4
# Mode: randread
1692.000000
1474.000000
1639.000000
1672.000000
1555.000000
1604.000000
1560.000000
1572.000000
1716.000000
1479.000000
1569.000000
1512.000000
1576.000000
1574.000000
1540.000000
1576.000000
1768.000000
1628.000000
1748.000000
1608.000000
1612.000000
1524.000000
1672.000000
1604.000000
1732.000000
1423.000000
1672.000000
1616.000000
1584.000000
1626.000000
1561.000000
1557.000000
1632.000000
1493.000000
1644.000000
1500.000000
1709.000000
1490.000000
1596.000000
1633.000000
1688.000000
1720.000000
1642.000000
1545.000000
1584.000000
1656.000000
1612.000000
1728.000000
1592.000000
1672.000000
1588.000000
1431.000000
1566.000000
1676.000000
1712.000000
1684.000000
1502.000000
1712.000000
1512.000000
1588.000000
1500.000000
1609.000000
1692.000000
1516.000000
1676.000000
1524.000000
1568.000000
1704.000000
1712.000000
1596.000000
1612.000000
1528.000000
1512.000000
1860.000000
1632.000000
1680.000000
1524.000000
1601.000000
1669.000000
1625.000000
1450.000000
1450.000000
1508.000000
1580.000000
1566.000000
1568.000000
1576.000000
1772.000000
1349.000000
1568.000000
1628.000000
1708.000000
1584.000000
1620.000000
1724.000000
1764.000000
1625.000000
1562.000000
1665.000000
1392.000000
1456.000000
1669.000000
1585.000000
1576.000000
1502.000000
1673.000000
1450.000000
1756.000000
1752.000000
1748.000000
1634.000000
1593.000000
1664.000000
1582.000000
1464.000000
1585.000000
1736.000000
1524.000000
1524.000000
