# The following is a list of throughput values in MB/s using KvmRbdFio.
# Op Size: 131072
# Concurrent Ops: 4
# Mode: read
109604.000000
114688.000000
110292.000000
106878.000000
107469.000000
101173.000000
107520.000000
117841.000000
112191.000000
109131.000000
111304.000000
113664.000000
114231.000000
114793.000000
115809.000000
115580.000000
113437.000000
113664.000000
106455.000000
105860.000000
108327.000000
107305.000000
114339.000000
114688.000000
115250.000000
115712.000000
112640.000000
114003.000000
112415.000000
116039.000000
114688.000000
112316.000000
114231.000000
107682.000000
106455.000000
108111.000000
108327.000000
112986.000000
113437.000000
104448.000000
103424.000000
109280.000000
111393.000000
108544.000000
110151.000000
109065.000000
108544.000000
110510.000000
102195.000000
102807.000000
101992.000000
107091.000000
107469.000000
110510.000000
95302.000000
104634.000000
101376.000000
101376.000000
109568.000000
105051.000000
109131.000000
107520.000000
110371.000000
106455.000000
105441.000000
100151.000000
102197.000000
106283.000000
109932.000000
102400.000000
101185.000000
99328.000000
102197.000000
107520.000000
107091.000000
111171.000000
106071.000000
103413.000000
101185.000000
102400.000000
101795.000000
100352.000000
101173.000000
106496.000000
108111.000000
110592.000000
107896.000000
103005.000000
103217.000000
99129.000000
107305.000000
111616.000000
107045.000000
99358.000000
102197.000000
100151.000000
98932.000000
100151.000000
101789.000000
104842.000000
108055.000000
109497.000000
109497.000000
103825.000000
102807.000000
98344.000000
111393.000000
111084.000000
107520.000000
98932.000000
107520.000000
102803.000000
102912.000000
96000.000000
93184.000000
92514.000000
108698.000000
110151.000000
111393.000000
