# The following is a list of throughput values in MB/s using KvmRbdFio.
# Op Size: 4194304
# Concurrent Ops: 4
# Mode: write
60681.000000
60907.000000
64377.000000
63258.000000
62894.000000
60794.000000
60457.000000
60124.000000
60346.000000
60457.000000
60346.000000
64377.000000
64377.000000
64377.000000
63136.000000
65015.000000
63015.000000
60569.000000
64377.000000
64377.000000
64000.000000
56109.000000
62178.000000
64335.000000
63136.000000
53793.000000
63015.000000
63875.000000
71166.000000
64377.000000
59578.000000
60346.000000
60346.000000
60457.000000
60124.000000
61134.000000
57344.000000
63750.000000
65536.000000
64377.000000
60907.000000
63015.000000
63015.000000
63015.000000
58409.000000
64377.000000
61478.000000
64000.000000
63258.000000
64377.000000
61709.000000
63015.000000
63015.000000
63015.000000
64377.000000
64377.000000
64377.000000
60014.000000
57344.000000
60457.000000
60124.000000
60346.000000
60457.000000
61248.000000
64377.000000
64250.000000
64250.000000
39384.000000
63015.000000
89752.000000
61593.000000
50038.000000
71028.000000
68776.000000
62178.000000
63875.000000
62534.000000
63015.000000
63015.000000
39689.000000
64377.000000
72998.000000
81431.000000
58306.000000
62653.000000
58099.000000
62653.000000
58306.000000
61593.000000
61134.000000
64335.000000
64377.000000
63258.000000
63015.000000
63015.000000
63258.000000
64377.000000
62060.000000
61593.000000
64758.000000
58935.000000
58099.000000
58829.000000
61709.000000
61709.000000
61593.000000
61709.000000
61709.000000
59578.000000
57893.000000
57893.000000
57690.000000
57893.000000
15814.000000
