# The following is a list of IOPS values using KvmRbdFio.
# Op Size: 4096
# Concurrent Ops: 4
# Mode: randread
423.000000
368.000000
409.000000
418.000000
388.000000
401.000000
390.000000
393.000000
429.000000
369.000000
392.000000
378.000000
394.000000
393.000000
385.000000
394.000000
442.000000
407.000000
437.000000
402.000000
403.000000
381.000000
418.000000
401.000000
433.000000
355.000000
418.000000
404.000000
396.000000
406.000000
390.000000
389.000000
408.000000
373.000000
411.000000
375.000000
427.000000
372.000000
399.000000
408.000000
422.000000
430.000000
410.000000
386.000000
396.000000
414.000000
403.000000
432.000000
398.000000
418.000000
397.000000
357.000000
391.000000
419.000000
428.000000
421.000000
375.000000
428.000000
378.000000
397.000000
375.000000
402.000000
423.000000
379.000000
419.000000
381.000000
392.000000
426.000000
428.000000
399.000000
403.000000
382.000000
378.000000
465.000000
408.000000
420.000000
381.000000
400.000000
417.000000
406.000000
362.000000
362.000000
377.000000
395.000000
391.000000
392.000000
394.000000
443.000000
337.000000
392.000000
407.000000
427.000000
396.000000
405.000000
431.000000
441.000000
406.000000
390.000000
416.000000
348.000000
364.000000
417.000000
396.000000
394.000000
375.000000
418.000000
362.000000
439.000000
438.000000
437.000000
408.000000
398.000000
416.000000
395.000000
366.000000
396.000000
434.000000
381.000000
381.000000
