# The following is a list of throughput values in MB/s using KvmRbdFio.
# Op Size: 4194304
# Concurrent Ops: 4
# Mode: randread
106496.000000
119533.000000
96187.000000
112219.000000
108145.000000
130810.000000
122880.000000
130031.000000
98790.000000
117028.000000
152596.000000
113328.000000
96565.000000
120234.000000
130397.000000
116143.000000
104203.000000
129517.000000
137612.000000
128754.000000
105025.000000
130549.000000
122040.000000
107385.000000
128501.000000
97138.000000
113777.000000
125012.000000
128445.000000
137040.000000
103136.000000
115488.000000
139636.000000
127371.000000
141784.000000
125547.000000
131629.000000
109714.000000
129668.000000
116612.000000
109854.000000
135207.000000
112660.000000
130810.000000
130887.000000
129774.000000
85172.000000
122675.000000
153984.000000
104612.000000
145707.000000
125547.000000
95892.000000
142534.000000
129007.000000
97912.000000
100657.000000
104690.000000
120249.000000
129262.000000
120470.000000
98304.000000
133394.000000
120707.000000
110702.000000
122634.000000
115706.000000
111564.000000
115272.000000
112881.000000
132632.000000
105860.000000
136533.000000
112733.000000
101052.000000
112881.000000
137341.000000
121422.000000
132380.000000
103322.000000
118381.000000
112000.000000
114003.000000
131072.000000
109435.000000
97167.000000
128250.000000
129007.000000
88518.000000
128501.000000
109226.000000
120915.000000
130031.000000
118381.000000
128754.000000
90021.000000
138847.000000
110107.000000
122726.000000
125012.000000
138158.000000
104451.000000
114626.000000
123419.000000
114459.000000
110902.000000
137341.000000
113777.000000
103797.000000
133650.000000
122161.000000
112439.000000
99343.000000
58258.000000
