# The following is a list of throughput values in MB/s using KvmRbdFio.
# Op Size: 131072
# Concurrent Ops: 4
# Mode: randwrite
15000.000000
19478.000000
15058.000000
18688.000000
16507.000000
14866.000000
17637.000000
17133.000000
17034.000000
19594.000000
17742.000000
16000.000000
17523.000000
17777.000000
14954.000000
15909.000000
18213.000000
18650.000000
17235.000000
17848.000000
18139.000000
15553.000000
17117.000000
17813.000000
18688.000000
17167.000000
16795.000000
17813.000000
15298.000000
17920.000000
19339.000000
17489.000000
17920.000000
16507.000000
17889.000000
17523.000000
16662.000000
17304.000000
16253.000000
17777.000000
17133.000000
18141.000000
16640.000000
17871.000000
16340.000000
17454.000000
17100.000000
17777.000000
17235.000000
17201.000000
19672.000000
16896.000000
17373.000000
14924.000000
17235.000000
18139.000000
14307.000000
18141.000000
17152.000000
16318.000000
17742.000000
16540.000000
18139.000000
17263.000000
16442.000000
17603.000000
18539.000000
16573.000000
16828.000000
16351.000000
15560.000000
16507.000000
17408.000000
15500.000000
15937.000000
18249.000000
16573.000000
17351.000000
16189.000000
16189.000000
19456.000000
15400.000000
16031.000000
17373.000000
15616.000000
17672.000000
17015.000000
16125.000000
18688.000000
15750.000000
16745.000000
19161.000000
17117.000000
18432.000000
18539.000000
17860.000000
16854.000000
19378.000000
16761.000000
17489.000000
17049.000000
16579.000000
19311.000000
16377.000000
16982.000000
16318.000000
15616.000000
14278.000000
16351.000000
17408.000000
16915.000000
18645.000000
16915.000000
17152.000000
16795.000000
18688.000000
16573.000000
17848.000000
