# The following is a list of IOPS values using KvmRbdFio.
# Op Size: 4096
# Concurrent Ops: 4
# Mode: read
24990.000000
27008.000000
26752.000000
25676.000000
26315.000000
26716.000000
26351.000000
27584.000000
26890.000000
26432.000000
26656.000000
26772.000000
27155.000000
27264.000000
27090.000000
27438.000000
27120.000000
26714.000000
27008.000000
23793.000000
25984.000000
26112.000000
26240.000000
27209.000000
27282.000000
26645.000000
26754.000000
27025.000000
26900.000000
27155.000000
27136.000000
27196.000000
26713.000000
27081.000000
26998.000000
25868.000000
25982.000000
26814.000000
26073.000000
26776.000000
26674.000000
26496.000000
25728.000000
26390.000000
24988.000000
26596.000000
24526.000000
26240.000000
26517.000000
26443.000000
26954.000000
24810.000000
24470.000000
26059.000000
25829.000000
26772.000000
24350.000000
25700.000000
25502.000000
25586.000000
26784.000000
25676.000000
25752.000000
25304.000000
24723.000000
24654.000000
23249.000000
24683.000000
24047.000000
24960.000000
25304.000000
26099.000000
26174.000000
26178.000000
24910.000000
25466.000000
24689.000000
24654.000000
25816.000000
25077.000000
22994.000000
24704.000000
24605.000000
24654.000000
24960.000000
24078.000000
24306.000000
25752.000000
26156.000000
26458.000000
25747.000000
25472.000000
24988.000000
24654.000000
25421.000000
25701.000000
25804.000000
24654.000000
23377.000000
25008.000000
24990.000000
24782.000000
23808.000000
25420.000000
26036.000000
26496.000000
26135.000000
25390.000000
25197.000000
24782.000000
24960.000000
25829.000000
25754.000000
25446.000000
24605.000000
25088.000000
24910.000000
24988.000000
24015.000000
